57.51
32.56
30.44
29.29
25.98
24.12
23.22
24.12
23.06
23.06
23.09
28.74
32.13
35.87
43.46
49.81
56.10
58.16
58.75
58.75
54.13
52.36
56.45
46.91
57.23
57.38
33.40
30.73
32.13
23.61
25.54
25.68
24.75
23.61
26.50
27.30
31.63
38.36
50.12
58.16
67.90
58.47
56.10
54.24
62.98
41.11
34.08
46.57
46.57
41.92
29.25
26.25
24.12
26.50
23.09
24.12
25.85
32.97
29.29
33.58
35.24
40.77
40.77
43.61
45.67
49.52
57.99
59.98
60.34
58.47
62.85
58.47
54.01
41.73
41.87
40.31
41.90
40.63
35.16
29.12
29.26
26.12
23.06
25.83
26.46
30.69
38.44
42.41
45.53
59.98
40.77
39.19
42.24
32.53
24.71
23.09
26.15
19.39
17.45
15.02
17.53
11.46
17.16
13.53
19.41
21.39
22.03
22.84
25.31
31.05
39.99
45.67
49.21
53.40
47.15
45.67
45.84
39.36
51.48
44.10
44.41
35.86
33.25
33.25
29.81
24.23
18.46
16.66
19.45
18.61
22.66
26.12
31.20
35.76
46.34
51.18
61.69
63.38
63.98
63.98
59.13
61.81
61.81
62.07
51.48
46.34
42.88
30.74
29.81
34.43
30.12
31.47
27.89
27.89
36.25
37.50
43.67
49.99
57.72
64.47
74.08
82.82
74.08
69.30
64.12
61.98
66.46
53.45
53.78
57.91
53.72
44.88
45.19
34.85
32.84
32.98
35.60
39.42
38.11
42.20
43.51
50.32
55.64
61.65
71.69
82.76
82.82
79.85
77.38
72.01
61.91
67.06
61.91
59.98
50.10
48.56
43.52
39.13
34.40
31.79
31.79
40.63
43.66
41.90
42.20
42.20
54.26
66.46
69.12
71.90
72.01
69.24
67.06
64.50
57.91
57.91
58.47
50.40
50.56
43.83
42.51
39.43
34.58
32.10
32.10
32.10
33.30
38.11
39.13
45.19
50.03
57.66
61.95
64.47
61.95
66.72
66.72
64.12
64.12
62.07
59.67
53.45
50.32
43.67
37.64
33.57
26.08
24.43
23.48
22.66
25.11
28.85
34.43
39.99
43.93
52.70
60.73
65.38
68.23
71.19
66.13
58.76
59.13
59.71
57.51
45.67
31.73
39.67
39.99
34.43
21.10
16.82
20.92
21.40
22.35
27.85
28.65
34.53
42.88
53.40
53.24
54.83
61.32
63.86
61.69
59.71
61.95
64.12
57.51
45.53
57.66
47.66
39.67
42.56
16.86
18.33
17.01
18.61
17.66
19.92
25.02
32.97
37.81
47.04
54.26
68.27
82.12
73.18
67.87
70.85
73.38
70.95
77.26
71.19
74.35
43.78
57.23
53.40
39.19
31.41
29.12
29.29
32.88
36.52
40.46
45.22
50.42
52.36
60.88
79.19
78.80
84.93
72.99
78.66
78.66
73.18
65.51
63.34
62.98
56.45
50.42
40.28
39.00
30.80
29.77
30.73
27.44
33.58
37.49
40.10
47.64
58.47
67.41
76.44
89.53
79.17
82.08
73.25
73.25
75.94
78.80
65.13
55.36
62.71
58.16
35.89
37.72
40.96
41.11
41.11
46.57
52.36
54.13
56.23
70.85
78.66
85.54
100.00
100.00
100.00
96.52
100.00
95.78
100.00
100.00
96.55
100.00
95.84
92.58
92.62
89.50
92.62
85.77
85.77
85.77
82.58
86.16
76.40
85.77
96.60
100.00
91.84
100.00
100.00
100.00
100.00
100.00
100.00
100.00
100.00
100.00
100.00
100.00
100.00
100.00
100.00
100.00
100.00
95.82
100.00
100.00
100.00
100.00
100.00
100.00
100.00
96.60
89.20
82.58
89.92
86.21
96.28
96.28
93.03
79.91
61.32
73.89
76.86
83.42
93.03
95.88
88.77
58.16
54.24
36.01
33.01
31.52
35.89
33.01
26.95
26.95
22.74
24.79
22.00
20.40
18.08
17.23
18.82
19.44
22.00
26.69
31.42
39.62
50.67
69.51
72.04
61.62
54.01
56.18
46.41
31.85
39.14
36.22
34.72
33.55
30.04
24.52
23.54
26.02
23.37
24.14
25.04
29.96
35.89
42.16
51.58
62.21
70.20
82.08
92.35
79.17
89.53
79.17
70.20
65.02
67.82
70.30
65.02
47.32
47.85
43.92
33.34
29.67
36.52
39.63
44.92
58.36
58.36
63.12
68.51
76.58
79.82
79.13
82.58
92.62
79.82
68.51
65.75
47.81
43.92
42.16
42.16
39.16
35.05
29.96
26.61
28.93
29.25
30.43
31.71
31.71
31.43
32.56
35.21
51.81
62.71
72.78
72.78
64.88
65.13
57.50
60.11
55.94
51.89
47.85
47.64
52.06
44.24
39.63
30.43
29.25
29.45
29.63
31.95
31.95
34.81
43.78
49.04
54.83
61.06
70.95
58.48
58.48
52.45
56.74
52.06
53.97
37.37
37.37
37.69
47.83
46.34
44.74
43.20
56.27
52.35
58.47
50.62
58.62
72.33
89.44
96.78
100.00
100.00
100.00
100.00
100.00
100.00
100.00
100.00
96.81
100.00
100.00
96.81
100.00
100.00
100.00
100.00
96.10
96.10
96.78
93.01
86.82
89.68
83.33
80.67
61.65
49.73
49.04
51.18
54.99
54.99
59.40
61.95
57.38
61.95
69.30
61.95
38.87
36.05
31.95
36.05
33.40
23.61
24.51
18.47
19.64
21.35
21.86
23.36
24.12
29.32
30.10
32.26
40.63
42.32
40.63
42.33
37.57
34.90
45.73
40.78
40.96
31.51
35.21
28.93
24.76
21.18
13.37
12.27
11.69
12.14
13.66
20.23
24.59
29.96
44.10
43.44
67.45
66.79
57.08
59.55
64.49
54.78
55.14
49.02
47.20
41.84
25.82
25.82
18.52
20.40
17.23
16.68
16.68
16.03
17.23
16.95
21.87
31.52
35.83
36.72
50.98
62.06
49.32
45.61
45.93
46.31
51.89
51.34
55.94
40.63
42.33
37.72
32.26
22.73
20.09
18.14
19.81
20.52
20.75
22.18
25.93
29.00
37.74
47.32
59.50
79.17
79.17
76.44
76.44
75.94
70.20
70.30
67.41
60.11
47.54
30.67
33.77
31.11
30.10
32.71
36.98
29.32
37.31
41.76
36.86
39.63
46.42
49.81
60.61
65.13
68.05
62.71
62.71
65.13
60.49
58.47
58.16
52.06
58.75
44.24
36.54
35.36
22.02
19.07
17.24
17.24
19.19
21.19
27.86
31.93
42.17
50.73
67.45
72.93
64.49
67.45
64.49
59.55
61.79
35.49
45.12
49.02
31.42
30.16
36.01
29.35
17.80
16.41
16.56
19.44
21.16
19.86
30.34
37.06
43.46
54.78
69.73
72.24
69.63
54.90
64.49
64.37
57.47
39.47
46.91
44.80
42.95
35.49
23.37
21.37
19.08
22.00
22.25
21.21
23.99
24.79
30.49
39.30
45.93
53.50
55.36
49.49
52.06
58.44
74.15
74.35
76.75
92.86
74.72
61.95
57.51
57.51
55.44
57.37
51.64
51.78
44.74
46.81
48.31
53.78
62.23
66.83
71.81
76.83
73.89
79.54
79.54
79.54
74.35
74.35
74.35
69.09
61.81
61.81
59.40
62.07
51.35
51.48
49.52
46.32
49.99
46.62
59.98
56.12
70.07
80.61
86.56
93.01
96.78
100.00
96.42
100.00
96.78
96.78
96.78
96.10
93.03
93.03
93.03
93.07
93.07
96.13
93.07
89.48
89.44
89.44
89.44
96.81
96.81
96.81
100.00
100.00
96.81
96.81
96.81
89.52
92.43
89.52
100.00
100.00
100.00
100.00
96.81
96.81
96.81
100.00
100.00
100.00
100.00
100.00
100.00
100.00
100.00
100.00
96.81
93.03
96.81
83.23
70.07
70.07
56.27
54.54
52.35
50.10
46.94
48.56
45.19
43.52
40.63
37.96
40.79
45.50
50.56
52.51
58.47
61.91
64.37
69.12
69.52
68.90
64.47
66.59
62.07
64.47
64.47
59.67
59.67
53.45
51.64
48.31
45.05
42.04
39.26
34.00
34.40
31.79
32.56
37.50
37.32
40.45
42.56
49.04
61.32
59.13
52.70
59.71
55.28
51.48
51.35
39.36
45.84
42.56
41.09
41.09
35.54
28.51
26.63
24.72
25.49
26.63
27.65
29.81
34.17
37.99
37.69
48.73
58.48
63.12
61.06
56.17
54.21
48.73
49.26
43.61
42.24
35.26
39.21
36.68
32.88
28.34
22.50
21.04
20.34
21.04
21.04
24.09
27.17
30.44
34.81
40.61
48.95
50.71
50.71
47.04
47.04
48.73
43.78
43.78
